Entropia: 9.315884656149217
Longitud media: 9.342299932749873
Rendimiento: 0.997172508184194
Redundancia: 0.002827491815806015
