Entropia: 9.315884656149496
Longitud media: 9.454875588433344
Rendimiento: 0.9852995493188844
Redundancia: 0.014700450681115584
