Entropia: 1.5148402812534643
Longitud media: 4.470880968392809
Rendimiento: 0.33882366628920085
Redundancia: 0.6611763337107991
