Rendimiento: 0.94619
Redundancia: 0.05381
