Rendimiento: 0.95645
Redundancia: 0.04355
